29 29
  1   1   1   0   0  18  18  18   0   0  30   0   0   0   0   0   0   0  58   5   0   0  68   0   0  77  77  77   0 
  1   1   0   0  13   0  18  18   0   0   0  33   5   0  43   0  51   0  58   5   5   5   0   0  73   0   0   0  85 
  0   0   0   0   0   0   0  18  18  18   5   5   0  40   5   5   5   5   5   5   0   5   5   5   0  78  78   0  85 
  0   7   2   0   0   0  20   0  18   0   0   5   5   5   0   5   5   5   5   5   0   5   5   5   0   0  78  78  78 
  0   7   2   2   2   0   0   0  18  18   5   0   0   5   5   0   0   0   5   0   0   0   5   5   0   0  78   0   0 
  2   2   0   0   0   0   0  24  18  18   0  34  34   0   0  48  31  31   5   0   0  65   0   5   0  79   0  84  61 
  0   2   0   0  14   0  21   0  18  18   5   0  34   0  44  44  31  31   5   5   5   5   0   5   0  79  79  61  61 
  0   2   2   2   2   2   0  25  18  18   0   0  34   0   0  44  31   0   0   5   0   5   5   0   0   0  79  61  61 
  3   2   2   2   2   0   0  25  18   0  31  31  31  31  31  31   0   0   0   5   5   5   0  71  71   0  79  61   0 
  3   2   2   0   2   2   2   0  18   0  31  31  31   0   0   0  52  52  52   5   5   5   5   0   0  80  61  61  61 
  0   2   0  11   2   0   0   0  18  18   0   0  31   0  45  45   0   0  52   0   0   5   5   0  74  61  61   0   0 
  0   2   2   2   2   0  22   0  18  18   0  35   0  41   0  45  45   0   0   0   0   0   0  72  72  61  61   0   0 
  0   2   2   2   0  19   0   0   0  18   5   5   0   0   0   0   0   0   0  61  61  61  61   0  72   0  61   0  86 
  0   2   0   0  15  12   0   0   0  18   5   5   5   0  46  46   0  56   0  61  61   0  61  61  61   0   0   0   0 
  4   2   0  12  12  12   0   0   0  18   0   5   0   0  46  46   0  56   0  61  61  61   0  61  61  61   0   0  87 
  4   2   2   0  12  12   0  26   0  18   0   0  38   5   0   0  53  53   0   0  61   0   0  61  61  61   0   0  87 
  4   2   2   0   0   0  23  23   0  18   0  36   5   0   0  49   0   0  59   0   0  66  66  61   0   0  81  81   0 
  0   0   0   0   0   0   0  23   0  18   5   5   0  42  42   0  54  54  54  50   0  66  66  61  61  61   0  81   0 
  0   8   0   0  16  16  16   5   5   5   0   5   0  42  42   0   0  54  54  50   0   0  66  61  61   0  82  61  61 
  0   8   8   5   0   0  16   0   5   5   5   5   0   0   0   0  55   0  54  50   0  67   0   0  61  61  61  61   0 
  0   8   8   0  17  17   5   0   0   0   0   0  39  29  29  29   0  57  50   0   0  67  47  47   0  61  61   0  88 
  5   0   8   5   0  17   0   0  28   0  32  29  29  29  29   0   0  57  50   0  63  47  47   0  75   0   0   0   0 
  5   5   5   5   5   5   5   0  28   0  32  29  29   0   0  50  50  50   0  62  62   0   0   0  75   0  83   0   0 
  0   0   5   0   0   0   0   0   0  29  29  29  29   0   0   0  50  50  50   0  62   0  69  69  69  47  47   0   0 
  0   9   5   5   5   5   5   0   0  29  29   0   0   0  47   0   0  50   0   0  62  47   0   0  69   0   0   0   0 
  6   6   0   5   5   5   0  27   5   0   0  37   5   0  47  47  47   0  60  47  47  47  47  47  47  47  47  47  47 
  6   0   0   0   5   5   5   5   5   5   5   5   5   5   0   0  47  47  47  47   0  47   0   0   0  47  47  47  47 
  6   6   0   0   5   0   5   0   0   5   5   0   5   5   5   0  47   0  47  47   0   0  70   0   0   0  47   0   0 
  0   0  10   0   0   0   5   5   0   0   5   5   5   0   0   0  47  47  47   0  64  64  64   0  76   0  47   0  89 
